     1       6.250e-01   
     2       1.562e+00   
     3       7.812e-01   
     4       3.906e-01   
     5       1.953e-01   
     6       9.766e-02   
     7       4.883e-02   
     8       2.441e-02   
     9       1.221e-02   
     10      6.104e-03   
     11      3.052e-03   
     12      1.526e-03   
     13      7.629e-04   
     14      3.815e-04   
     15      1.907e-04   
     16      9.537e-05   
     17      4.768e-05   
     18      2.384e-05   
     19      1.192e-05   
     20      5.960e-06   
     21      2.980e-06   
     22      1.490e-06   
     23      7.451e-07   
