2              2.71828        
1.9            2.582366091    
1.8            2.45342365     
1.7            2.33109534     
1.6            2.215042682    
1.5            2.104945139    
1.4            2.000499248    
1.3            1.901417839    
1.2            1.807429316    
1.1            1.718277026    
1.0            1.63371873     
0.9            1.553526201    
0.8            1.477485009    
0.7            1.405394577    
0.6            1.33706869     
0.5            1.27233681     
0.4            1.211047018    
0.3            1.153072596    
0.2            1.098328475    
0.1            1.04682266     
-6.38378e-16   0.9989205383   
2.1            2.854193909    
2.2            2.996739075    
2.3            3.146238857    
2.4            3.303032044    
2.5            3.467473611    
2.6            3.639935521    
2.7            3.820807552    
2.8            4.010498166    
2.9            4.209435413    
3.0            4.418067883    
3.1            4.636865695    
3.2            4.866321539    
3.3            5.106951759    
3.4            5.359297497    
3.5            5.623925878    
3.6            5.901431266    
3.7            6.192436564    
3.8            6.497594589    
3.9            6.817589503    
4.0            7.153138317    
4.1            7.504992461    
4.2            7.873939439    
4.3            8.26080455     
4.4            8.6664527      
4.5            9.091790294    
4.6            9.537767224    
4.7            10.00537895    
4.8            10.49566867    
4.9            11.00972961    
5.0            11.54870742    
5.1            12.11380265    
5.2            12.70627342    
5.3            13.32743813    
5.4            13.97867835    
5.5            14.66144183    
5.6            15.37724569    
5.7            16.12767968    
5.8            16.91440969    
5.9            17.73918136    
6.0            18.60382388    
6.1            19.51025401    
6.2            20.46048019    
6.3            21.456607      
6.4            22.50083965    
6.5            23.59548884    
6.6            24.74297578    
6.7            25.94583741    
6.8            27.20673199    
6.9            28.52844481    
7.0            29.91389428    
7.1            31.36613823    
7.2            32.88838062    
7.3            34.48397841    
7.4            36.15644892    
7.5            37.9094774     
7.6            39.74692508    
7.7            41.67283748    
7.8            43.69145324    
7.9            45.80721327    
8.0            48.02477036    
8.1            50.34899932    
8.2            52.78500744    
8.3            55.33814564    
8.4            58.01401999    
8.5            60.81850384    
8.6            63.75775057    
8.7            66.83820685    
8.8            70.06662659    
8.9            73.45008554    
9.0            76.99599659    
9.1            80.71212574    
9.2            84.60660894    
9.3            88.68796957    
9.4            92.96513691    
9.5            97.44746538    
9.6            102.1447547    
9.7            107.0672711    
9.8            112.2257692    
9.9            117.6315158    
10.0           123.2963133    
10.1           129.2325259    
10.2           135.4531058    
10.3           141.9716212    
10.4           148.8022855    
10.5           155.9599881    
10.6           163.4603259    
10.7           171.3196377    
10.8           179.5550383    
10.9           188.1844564    
11.0           197.2266723    
11.1           206.7013586    
11.2           216.6291225    
11.3           227.0315501    
11.4           237.9312524    
11.5           249.3519145    
11.6           261.3183458    
11.7           273.8565338    
11.8           286.9936995    
11.9           300.7583557    
12.0           315.1803688    
12.1           330.291022     
12.2           346.123083     
12.3           362.7108742    
12.4           380.0903457    
12.5           398.2991529    
12.6           417.3767372    
12.7           437.3644098    
12.8           458.3054409    
12.9           480.2451521    
13.0           503.231013     
13.1           527.3127435    
13.2           552.5424194    
13.3           578.9745846    
13.4           606.6663669    
13.5           635.6776007    
13.6           666.0709549    
13.7           697.9120665    
13.8           731.2696811    
13.9           766.2157996    
14.0           802.8258323    
14.1           841.1787594    
14.2           881.3573       
14.3           923.4480889    
14.4           967.5418606    
14.5           1013.733644    
14.6           1062.122964    
14.7           1112.814056    
14.8           1165.916084    
14.9           1221.543377    
15.0           1279.815672    
15.1           1340.858369    
15.2           1404.802797    
15.3           1471.786495    
15.4           1541.953505    
15.5           1615.454678    
15.6           1692.447996    
15.7           1773.098906    
15.8           1857.580678    
15.9           1946.074766    
16.0           2038.771199    
16.1           2135.868984    
16.2           2237.576529    
16.3           2344.112087    
16.4           2455.704219    
16.5           2572.592278    
16.6           2695.026924    
16.7           2823.270648    
16.8           2957.598337    
16.9           3098.297854    
17.0           3245.670649    
17.1           3400.032402    
17.2           3561.713691    
17.3           3731.060692    
17.4           3908.435917    
17.5           4094.218984    
17.6           4288.807415    
17.7           4492.617489    
17.8           4706.085117    
17.9           4929.66677     
18.0           5163.840446    
18.1           5409.106683    
18.2           5665.989619    
18.3           5935.038104    
18.4           6216.826861    
18.5           6511.957705    
18.6           6821.060816    
18.7           7144.796074    
18.8           7483.854456    
18.9           7838.959498    
19.0           8210.868828    
19.1           8600.375765    
19.2           9008.311002    
19.3           9435.544362    
19.4           9882.986634    
19.5           10351.5915     
19.6           10842.35757    
19.7           11356.33044    
19.8           11894.60497    
19.9           12458.32756    
20.0           13048.69857    
20.1           13666.97485    
20.2           14314.47244    
20.3           14992.56929    
20.4           15702.70822    
20.5           16446.39991    
20.6           17225.22614    
20.7           18040.84313    
20.8           18894.98497    
20.9           19789.46737    
21.0           20726.1914     
21.1           21707.14758    
21.2           22734.42001    
21.3           23810.19082    
21.4           24936.74473    
21.5           26116.47389    
21.6           27351.88291    
21.7           28645.59413    
21.8           30000.35317    
21.9           31419.0347     
22.0           32904.64849    
22.1           34460.34575    
22.2           36089.42578    
22.3           37795.34289    
22.4           39581.7137     
22.5           41452.32473    
22.6           43411.14038    
22.7           45462.31127    
22.8           47610.18296    
22.9           49859.30511    
23.0           52214.44105    
23.1           54680.57777    
23.2           57262.93643    
23.3           59966.98333    
23.4           62798.4414     
23.5           65763.30223    
23.6           68867.83864    
23.7           72118.61789    
23.8           75522.51548    
23.9           79086.72956    
24.0           82818.79605    
24.1           86726.6045     
24.2           90818.41463    
24.3           95102.87367    
24.4           99589.03452    
24.5           104286.3747    
24.6           109204.8164    
24.7           114354.7471    
24.8           119747.0413    
24.9           125393.0838    
25.0           131304.793     
