0              1              
0.01           1.000050167    
0.02           1.00020134     
0.03           1.000454534    
0.04           1.000810774    
0.05           1.001271096    
0.06           1.001836547    
0.07           1.002508181    
0.08           1.003287068    
0.09           1.004174284    
0.1            1.005170918    
0.11           1.00627807     
0.12           1.007496852    
0.13           1.008828383    
0.14           1.010273799    
0.15           1.011834243    
0.16           1.013510871    
0.17           1.015304851    
0.18           1.017217363    
0.19           1.019249598    
0.2            1.021402758    
0.21           1.02367806     
0.22           1.026076731    
0.23           1.02860001     
0.24           1.03124915     
0.25           1.034025417    
0.26           1.036930087    
0.27           1.039964451    
0.28           1.043129812    
0.29           1.046427488    
0.3            1.049858808    
0.31           1.053425114    
0.32           1.057127764    
0.33           1.060968128    
0.34           1.064947591    
0.35           1.069067549    
0.36           1.073329415    
0.37           1.077734615    
0.38           1.082284589    
0.39           1.086980794    
0.4            1.091824698    
0.41           1.096817785    
0.42           1.101961556    
0.43           1.107257523    
0.44           1.112707218    
0.45           1.118312185    
0.46           1.124073985    
0.47           1.129994193    
0.48           1.136074402    
0.49           1.14231622     
0.5            1.148721271    
0.51           1.155291195    
0.52           1.16202765     
0.53           1.168932309    
0.54           1.176006862    
0.55           1.183253018    
0.56           1.1906725      
0.57           1.198267051    
0.58           1.206038431    
0.59           1.213988415    
0.6            1.2221188      
0.61           1.230431399    
0.62           1.238928042    
0.63           1.247610579    
0.64           1.256480879    
0.65           1.265540829    
0.66           1.274792334    
0.67           1.284237321    
0.68           1.293877732    
0.69           1.303715533    
0.7            1.313752707    
0.71           1.323991259    
0.72           1.334433211    
0.73           1.345080608    
0.74           1.355935514    
0.75           1.367000016    
0.76           1.37827622     
0.77           1.389766254    
0.78           1.401472265    
0.79           1.413396426    
0.8            1.425540928    
0.81           1.437907987    
0.82           1.450499837    
0.83           1.46331874     
0.84           1.476366977    
0.85           1.489646852    
0.86           1.503160694    
0.87           1.516910853    
0.88           1.530899706    
0.89           1.545129651    
0.9            1.559603111    
0.91           1.574322533    
0.92           1.58929039     
0.93           1.604509177    
0.94           1.619981418    
0.95           1.635709659    
0.96           1.651696473    
0.97           1.667944459    
0.98           1.684456242    
0.99           1.701234472    
1.0            1.718281828    
0              1              
0.01           1.000050167    
0.02           1.00020134     
0.03           1.000454534    
0.04           1.000810774    
0.05           1.001271096    
0.06           1.001836547    
0.07           1.002508181    
0.08           1.003287068    
0.09           1.004174284    
0.1            1.005170918    
0.11           1.00627807     
0.12           1.007496852    
0.13           1.008828383    
0.14           1.010273799    
0.15           1.011834243    
0.16           1.013510871    
0.17           1.015304851    
0.18           1.017217363    
0.19           1.019249598    
0.2            1.021402758    
0.21           1.02367806     
0.22           1.026076731    
0.23           1.02860001     
0.24           1.03124915     
0.25           1.034025417    
0.26           1.036930087    
0.27           1.039964451    
0.28           1.043129812    
0.29           1.046427488    
0.3            1.049858808    
0.31           1.053425114    
0.32           1.057127764    
0.33           1.060968128    
0.34           1.064947591    
0.35           1.069067549    
0.36           1.073329415    
0.37           1.077734615    
0.38           1.082284589    
0.39           1.086980794    
0.4            1.091824698    
0.41           1.096817785    
0.42           1.101961556    
0.43           1.107257523    
0.44           1.112707218    
0.45           1.118312185    
0.46           1.124073985    
0.47           1.129994193    
0.48           1.136074402    
0.49           1.14231622     
0.5            1.148721271    
0.51           1.155291195    
0.52           1.16202765     
0.53           1.168932309    
0.54           1.176006862    
0.55           1.183253018    
0.56           1.1906725      
0.57           1.198267051    
0.58           1.206038431    
0.59           1.213988415    
0.6            1.2221188      
0.61           1.230431399    
0.62           1.238928042    
0.63           1.247610579    
0.64           1.256480879    
0.65           1.265540829    
0.66           1.274792334    
0.67           1.284237321    
0.68           1.293877732    
0.69           1.303715533    
0.7            1.313752707    
0.71           1.323991259    
0.72           1.334433211    
0.73           1.345080608    
0.74           1.355935514    
0.75           1.367000016    
0.76           1.37827622     
0.77           1.389766254    
0.78           1.401472265    
0.79           1.413396426    
0.8            1.425540928    
0.81           1.437907987    
0.82           1.450499837    
0.83           1.46331874     
0.84           1.476366977    
0.85           1.489646852    
0.86           1.503160694    
0.87           1.516910853    
0.88           1.530899706    
0.89           1.545129651    
0.9            1.559603111    
0.91           1.574322533    
0.92           1.58929039     
0.93           1.604509177    
0.94           1.619981418    
0.95           1.635709659    
0.96           1.651696473    
0.97           1.667944459    
0.98           1.684456242    
0.99           1.701234472    
1.0            1.718281828    
0              1              
0.01           1.010100313    
0.02           1.020402637    
0.03           1.030909003    
0.04           1.041621462    
0.05           1.052542084    
0.06           1.063672961    
0.07           1.075016208    
0.08           1.086573958    
0.09           1.098348367    
0.1            1.110341612    
0.11           1.122555893    
0.12           1.134993432    
0.13           1.147656471    
0.14           1.160547278    
0.15           1.173668141    
0.16           1.187021373    
0.17           1.200609308    
0.18           1.214434307    
0.19           1.22849875     
0.2            1.242805045    
0.21           1.257355623    
0.22           1.272152937    
0.23           1.28719947     
0.24           1.302497723    
0.25           1.318050229    
0.26           1.333859541    
0.27           1.349928242    
0.28           1.366258937    
0.29           1.38285426     
0.3            1.399716871    
0.31           1.416849455    
0.32           1.434254726    
0.33           1.451935425    
0.34           1.469894319    
0.35           1.488134205    
0.36           1.506657907    
0.37           1.525468276    
0.38           1.544568195    
0.39           1.563960573    
0.4            1.583648349    
0.41           1.603634492    
0.42           1.623922       
0.43           1.644513904    
0.44           1.665413261    
0.45           1.686623162    
0.46           1.708146727    
0.47           1.72998711     
0.48           1.752147493    
0.49           1.774631094    
0.5            1.797441161    
0.51           1.820580974    
0.52           1.844053848    
0.53           1.86786313     
0.54           1.892012201    
0.55           1.916504475    
0.56           1.941343403    
0.57           1.966532468    
0.58           1.992075189    
0.59           2.01797512     
0.6            2.044235851    
0.61           2.070861009    
0.62           2.097854256    
0.63           2.125219291    
0.64           2.152959851    
0.65           2.18107971     
0.66           2.209582679    
0.67           2.23847261     
0.68           2.267753392    
0.69           2.297428952    
0.7            2.327503257    
0.71           2.357980317    
0.72           2.388864177    
0.73           2.420158927    
0.74           2.451868697    
0.75           2.483997656    
0.76           2.516550018    
0.77           2.549530039    
0.78           2.582942017    
0.79           2.616790291    
0.8            2.651079249    
0.81           2.685813318    
0.82           2.720996971    
0.83           2.756634728    
0.84           2.792731152    
0.85           2.829290853    
0.86           2.866318486    
0.87           2.903818755    
0.88           2.94179641     
0.89           2.980256248    
0.9            3.019203116    
0.91           3.058641908    
0.92           3.098577568    
0.93           3.139015089    
0.94           3.179959517    
0.95           3.221415944    
0.96           3.263389517    
0.97           3.305885433    
0.98           3.348908941    
0.99           3.392465345    
1.0            3.43656        
