0              1              
0.01           1.020150501    
0.02           1.04060402     
0.03           1.061363602    
0.04           1.082432323    
0.05           1.103813289    
0.06           1.12550964     
0.07           1.147524544    
0.08           1.169861203    
0.09           1.192522851    
0.1            1.215512754    
0.11           1.238834211    
0.12           1.262490555    
0.13           1.28648515     
0.14           1.310821397    
0.15           1.335502728    
0.16           1.360532613    
0.17           1.385914554    
0.18           1.411652089    
0.19           1.437748793    
0.2            1.464208274    
0.21           1.49103418     
0.22           1.518230192    
0.23           1.54580003     
0.24           1.573747451    
0.25           1.60207625     
0.26           1.63079026     
0.27           1.659893352    
0.28           1.689389437    
0.29           1.719282464    
0.3            1.749576423    
0.31           1.780275342    
0.32           1.811383293    
0.33           1.842904385    
0.34           1.874842772    
0.35           1.907202646    
0.36           1.939988244    
0.37           1.973203844    
0.38           2.006853768    
0.39           2.040942382    
0.4            2.075474093    
0.41           2.110453355    
0.42           2.145884667    
0.43           2.18177257     
0.44           2.218121655    
0.45           2.254936556    
0.46           2.292221955    
0.47           2.329982579    
0.48           2.368223206    
0.49           2.40694866     
0.5            2.446163812    
0.51           2.485873585    
0.52           2.526082949    
0.53           2.566796926    
0.54           2.608020586    
0.55           2.649759053    
0.56           2.692017501    
0.57           2.734801154    
0.58           2.778115292    
0.59           2.821965246    
0.6            2.866356401    
0.61           2.911294196    
0.62           2.956784125    
0.63           3.002831737    
0.64           3.049442638    
0.65           3.096622487    
0.66           3.144377003    
0.67           3.192711962    
0.68           3.241633196    
0.69           3.291146599    
0.7            3.341258122    
0.71           3.391973776    
0.72           3.443299632    
0.73           3.495241823    
0.74           3.547806543    
0.75           3.601000049    
0.76           3.654828661    
0.77           3.709298761    
0.78           3.764416796    
0.79           3.820189278    
0.8            3.876622785    
0.81           3.93372396     
0.82           3.991499512    
0.83           4.04995622     
0.84           4.10910093     
0.85           4.168940555    
0.86           4.229482081    
0.87           4.29073256     
0.88           4.352699119    
0.89           4.415388953    
0.9            4.478809333    
0.91           4.5429676      
0.92           4.607871169    
0.93           4.673527532    
0.94           4.739944254    
0.95           4.807128977    
0.96           4.87508942     
0.97           4.943833377    
0.98           5.013368725    
0.99           5.083703416    
1.0            5.154845485    
0              1              
0.01           1.010100313    
0.02           1.020402637    
0.03           1.030909003    
0.04           1.041621462    
0.05           1.052542084    
0.06           1.063672961    
0.07           1.075016208    
0.08           1.086573958    
0.09           1.098348367    
0.1            1.110341612    
0.11           1.122555893    
0.12           1.134993432    
0.13           1.147656471    
0.14           1.160547278    
0.15           1.173668141    
0.16           1.187021373    
0.17           1.200609308    
0.18           1.214434307    
0.19           1.22849875     
0.2            1.242805045    
0.21           1.257355623    
0.22           1.272152937    
0.23           1.28719947     
0.24           1.302497723    
0.25           1.318050229    
0.26           1.333859541    
0.27           1.349928242    
0.28           1.366258937    
0.29           1.38285426     
0.3            1.399716871    
0.31           1.416849455    
0.32           1.434254726    
0.33           1.451935425    
0.34           1.469894319    
0.35           1.488134205    
0.36           1.506657907    
0.37           1.525468276    
0.38           1.544568195    
0.39           1.563960573    
0.4            1.583648349    
0.41           1.603634492    
0.42           1.623922       
0.43           1.644513904    
0.44           1.665413261    
0.45           1.686623162    
0.46           1.708146727    
0.47           1.72998711     
0.48           1.752147493    
0.49           1.774631094    
0.5            1.797441161    
0.51           1.820580974    
0.52           1.844053848    
0.53           1.86786313     
0.54           1.892012201    
0.55           1.916504475    
0.56           1.941343403    
0.57           1.966532468    
0.58           1.992075189    
0.59           2.01797512     
0.6            2.044235851    
0.61           2.070861009    
0.62           2.097854256    
0.63           2.125219291    
0.64           2.152959851    
0.65           2.18107971     
0.66           2.209582679    
0.67           2.23847261     
0.68           2.267753392    
0.69           2.297428952    
0.7            2.327503257    
0.71           2.357980317    
0.72           2.388864177    
0.73           2.420158927    
0.74           2.451868697    
0.75           2.483997656    
0.76           2.516550018    
0.77           2.549530039    
0.78           2.582942017    
0.79           2.616790291    
0.8            2.651079249    
0.81           2.685813318    
0.82           2.720996971    
0.83           2.756634728    
0.84           2.792731152    
0.85           2.829290853    
0.86           2.866318486    
0.87           2.903818755    
0.88           2.94179641     
0.89           2.980256248    
0.9            3.019203116    
0.91           3.058641908    
0.92           3.098577568    
0.93           3.139015089    
0.94           3.179959517    
0.95           3.221415944    
0.96           3.263389517    
0.97           3.305885433    
0.98           3.348908941    
0.99           3.392465345    
1.0            3.43656        
0              1              
0.01           1.010100313    
0.02           1.020402637    
0.03           1.030909003    
0.04           1.041621462    
0.05           1.052542084    
0.06           1.063672961    
0.07           1.075016208    
0.08           1.086573958    
0.09           1.098348367    
0.1            1.110341612    
0.11           1.122555893    
0.12           1.134993432    
0.13           1.147656471    
0.14           1.160547278    
0.15           1.173668141    
0.16           1.187021373    
0.17           1.200609308    
0.18           1.214434307    
0.19           1.22849875     
0.2            1.242805045    
0.21           1.257355623    
0.22           1.272152937    
0.23           1.28719947     
0.24           1.302497723    
0.25           1.318050229    
0.26           1.333859541    
0.27           1.349928242    
0.28           1.366258937    
0.29           1.38285426     
0.3            1.399716871    
0.31           1.416849455    
0.32           1.434254726    
0.33           1.451935425    
0.34           1.469894319    
0.35           1.488134205    
0.36           1.506657907    
0.37           1.525468276    
0.38           1.544568195    
0.39           1.563960573    
0.4            1.583648349    
0.41           1.603634492    
0.42           1.623922       
0.43           1.644513904    
0.44           1.665413261    
0.45           1.686623162    
0.46           1.708146727    
0.47           1.72998711     
0.48           1.752147493    
0.49           1.774631094    
0.5            1.797441161    
0.51           1.820580974    
0.52           1.844053848    
0.53           1.86786313     
0.54           1.892012201    
0.55           1.916504475    
0.56           1.941343403    
0.57           1.966532468    
0.58           1.992075189    
0.59           2.01797512     
0.6            2.044235851    
0.61           2.070861009    
0.62           2.097854256    
0.63           2.125219291    
0.64           2.152959851    
0.65           2.18107971     
0.66           2.209582679    
0.67           2.23847261     
0.68           2.267753392    
0.69           2.297428952    
0.7            2.327503257    
0.71           2.357980317    
0.72           2.388864177    
0.73           2.420158927    
0.74           2.451868697    
0.75           2.483997656    
0.76           2.516550018    
0.77           2.549530039    
0.78           2.582942017    
0.79           2.616790291    
0.8            2.651079249    
0.81           2.685813318    
0.82           2.720996971    
0.83           2.756634728    
0.84           2.792731152    
0.85           2.829290853    
0.86           2.866318486    
0.87           2.903818755    
0.88           2.94179641     
0.89           2.980256248    
0.9            3.019203116    
0.91           3.058641908    
0.92           3.098577568    
0.93           3.139015089    
0.94           3.179959517    
0.95           3.221415944    
0.96           3.263389517    
0.97           3.305885433    
0.98           3.348908941    
0.99           3.392465345    
1.0            3.43656        
